-8.20 -2.40 1.57
-8.20 -1.95 1.57
-8.20 -1.49 1.57
-8.20 -1.04 1.57
-8.20 -0.58 1.57
-8.20 -0.13 1.57
-8.20 0.33 1.57
-8.20 0.78 1.57
-8.20 1.24 1.57
-8.20 1.69 1.57
-8.20 2.15 1.57
-8.20 2.60 1.57
-7.80 2.60 0.00
-7.80 2.60 -1.57
-7.80 2.15 -1.57
-7.80 1.69 -1.57
-7.80 1.24 -1.57
-7.80 0.78 -1.57
-7.80 0.33 -1.57
-7.80 -0.13 -1.57
-7.80 -0.58 -1.57
-7.80 -1.04 -1.57
-7.80 -1.49 -1.57
-7.80 -1.95 -1.57
-7.80 -2.40 -1.57
-7.40 -2.40 0.00
-7.40 -2.40 1.57
-7.40 -1.95 1.57
-7.40 -1.49 1.57
-7.40 -1.04 1.57
-7.40 -0.58 1.57
-7.40 -0.13 1.57
-7.40 0.33 1.57
-7.40 0.78 1.57
-7.40 1.24 1.57
-7.40 1.69 1.57
-7.40 2.15 1.57
-7.40 2.60 1.57
-7.00 2.60 0.00
-7.00 2.60 -1.57
-7.00 2.15 -1.57
-7.00 1.69 -1.57
-7.00 1.24 -1.57
-7.00 0.78 -1.57
-7.00 0.33 -1.57
-7.00 -0.13 -1.57
-7.00 -0.58 -1.57
-7.00 -1.04 -1.57
-7.00 -1.49 -1.57
-7.00 -1.95 -1.57
-7.00 -2.40 -1.57
-6.60 -2.40 0.00
-6.60 -2.40 1.57
-6.60 -1.95 1.57
-6.60 -1.49 1.57
-6.60 -1.04 1.57
-6.60 -0.58 1.57
-6.60 -0.13 1.57
-6.60 0.33 1.57
-6.60 0.78 1.57
-6.60 1.24 1.57
-6.60 1.69 1.57
-6.60 2.15 1.57
-6.60 2.60 1.57
-6.20 2.60 0.00
-6.20 2.60 -1.57
-6.20 2.15 -1.57
-6.20 1.69 -1.57
-6.20 1.24 -1.57
-6.20 0.78 -1.57
-6.20 0.33 -1.57
-6.20 -0.13 -1.57
-6.20 -0.58 -1.57
-6.20 -1.04 -1.57
-6.20 -1.49 -1.57
-6.20 -1.95 -1.57
-6.20 -2.40 -1.57
-5.80 -2.40 0.00
-5.80 -2.40 1.57
-5.80 -1.95 1.57
-5.80 -1.49 1.57
-5.80 -1.04 1.57
-5.80 -0.58 1.57
-5.80 -0.13 1.57
-5.80 0.33 1.57
-5.80 0.78 1.57
-5.80 1.24 1.57
-5.80 1.69 1.57
-5.80 2.15 1.57
-5.80 2.60 1.57
-5.40 2.60 0.00
-5.40 2.60 -1.57
-5.40 2.15 -1.57
-5.40 1.69 -1.57
-5.40 1.24 -1.57
-5.40 0.78 -1.57
-5.40 0.33 -1.57
-5.40 -0.13 -1.57
-5.40 -0.58 -1.57
-5.40 -1.04 -1.57
-5.40 -1.49 -1.57
-5.40 -1.95 -1.57
-5.40 -2.40 -1.57
-5.00 -2.40 0.00
-5.00 -2.40 1.57
-5.00 -1.95 1.57
-5.00 -1.49 1.57
-5.00 -1.04 1.57
-5.00 -0.58 1.57
-5.00 -0.13 1.57
-5.00 0.33 1.57
-5.00 0.78 1.57
-5.00 1.24 1.57
-5.00 1.69 1.57
-5.00 2.15 1.57
-5.00 2.60 1.57
-4.60 2.60 0.00
-4.60 2.60 -1.57
-4.60 2.15 -1.57
-4.60 1.69 -1.57
-4.60 1.24 -1.57
-4.60 0.78 -1.57
-4.60 0.33 -1.57
-4.60 -0.13 -1.57
-4.60 -0.58 -1.57
-4.60 -1.04 -1.57
-4.60 -1.49 -1.57
-4.60 -1.95 -1.57
-4.60 -2.40 -1.57
-4.20 -2.40 0.00
-4.20 -2.40 1.57
-4.20 -1.95 1.57
-4.20 -1.49 1.57
-4.20 -1.04 1.57
-4.20 -0.58 1.57
-4.20 -0.13 1.57
-4.20 0.33 1.57
-4.20 0.78 1.57
-4.20 1.24 1.57
-4.20 1.69 1.57
-4.20 2.15 1.57
-4.20 2.60 1.57
-3.80 2.60 0.00
-3.80 2.60 -1.57
-3.80 2.15 -1.57
-3.80 1.69 -1.57
-3.80 1.24 -1.57
-3.80 0.78 -1.57
-3.80 0.33 -1.57
-3.80 -0.13 -1.57
-3.80 -0.58 -1.57
-3.80 -1.04 -1.57
-3.80 -1.49 -1.57
-3.80 -1.95 -1.57
-3.80 -2.40 -1.57
-3.40 -2.40 0.00
-3.40 -2.40 1.57
-3.40 -1.95 1.57
-3.40 -1.49 1.57
-3.40 -1.04 1.57
-3.40 -0.58 1.57
-3.40 -0.13 1.57
-3.40 0.33 1.57
-3.40 0.78 1.57
-3.40 1.24 1.57
-3.40 1.69 1.57
-3.40 2.15 1.57
-3.40 2.60 1.57
-3.00 2.60 0.00
-3.00 2.60 -1.57
-3.00 2.15 -1.57
-3.00 1.69 -1.57
-3.00 1.24 -1.57
-3.00 0.78 -1.57
-3.00 0.33 -1.57
-3.00 -0.13 -1.57
-3.00 -0.58 -1.57
-3.00 -1.04 -1.57
-3.00 -1.49 -1.57
-3.00 -1.95 -1.57
-3.00 -2.40 -1.57
-2.60 -2.40 0.00
-2.60 -2.40 1.57
-2.60 -1.95 1.57
-2.60 -1.49 1.57
-2.60 -1.04 1.57
-2.60 -0.58 1.57
-2.60 -0.13 1.57
-2.60 0.33 1.57
-2.60 0.78 1.57
-2.60 1.24 1.57
-2.60 1.69 1.57
-2.60 2.15 1.57
-2.60 2.60 1.57
-2.20 2.60 0.00
-2.20 2.60 -1.57
-2.20 2.15 -1.57
-2.20 1.69 -1.57
-2.20 1.24 -1.57
-2.20 0.78 -1.57
-2.20 0.33 -1.57
-2.20 -0.13 -1.57
-2.20 -0.58 -1.57
-2.20 -1.04 -1.57
-2.20 -1.49 -1.57
-2.20 -1.95 -1.57
-2.20 -2.40 -1.57
-1.80 -2.40 0.00
-1.80 -2.40 1.57
-1.80 -1.95 1.57
-1.80 -1.49 1.57
-1.80 -1.04 1.57
-1.80 -0.58 1.57
-1.80 -0.13 1.57
-1.80 0.33 1.57
-1.80 0.78 1.57
-1.80 1.24 1.57
-1.80 1.69 1.57
-1.80 2.15 1.57
-1.80 2.60 1.57
-1.40 2.60 0.00
-1.40 2.60 -1.57
-1.40 2.15 -1.57
-1.40 1.69 -1.57
-1.40 1.24 -1.57
-1.40 0.78 -1.57
-1.40 0.33 -1.57
-1.40 -0.13 -1.57
-1.40 -0.58 -1.57
-1.40 -1.04 -1.57
-1.40 -1.49 -1.57
-1.40 -1.95 -1.57
-1.40 -2.40 -1.57
-1.00 -2.40 0.00
-1.00 -2.40 1.57
-1.00 -1.95 1.57
-1.00 -1.49 1.57
-1.00 -1.04 1.57
-1.00 -0.58 1.57
-1.00 -0.13 1.57
-1.00 0.33 1.57
-1.00 0.78 1.57
-1.00 1.24 1.57
-1.00 1.69 1.57
-1.00 2.15 1.57
-1.00 2.60 1.57
-0.60 2.60 0.00
-0.60 2.60 -1.57
-0.60 2.15 -1.57
-0.60 1.69 -1.57
-0.60 1.24 -1.57
-0.60 0.78 -1.57
-0.60 0.33 -1.57
-0.60 -0.13 -1.57
-0.60 -0.58 -1.57
-0.60 -1.04 -1.57
-0.60 -1.49 -1.57
-0.60 -1.95 -1.57
-0.60 -2.40 -1.57
-0.20 -2.40 0.00
-0.20 -2.40 1.57
-0.20 -1.95 1.57
-0.20 -1.49 1.57
-0.20 -1.04 1.57
-0.20 -0.58 1.57
-0.20 -0.13 1.57
-0.20 0.33 1.57
-0.20 0.78 1.57
-0.20 1.24 1.57
-0.20 1.69 1.57
-0.20 2.15 1.57
-0.20 2.60 1.57
0.20 2.60 0.00
0.20 2.60 -1.57
0.20 2.15 -1.57
0.20 1.69 -1.57
0.20 1.24 -1.57
0.20 0.78 -1.57
0.20 0.33 -1.57
0.20 -0.13 -1.57
0.20 -0.58 -1.57
0.20 -1.04 -1.57
0.20 -1.49 -1.57
0.20 -1.95 -1.57
0.20 -2.40 -1.57
0.60 -2.40 0.00
0.60 -2.40 1.57
0.60 -1.95 1.57
0.60 -1.49 1.57
0.60 -1.04 1.57
0.60 -0.58 1.57
0.60 -0.13 1.57
0.60 0.33 1.57
0.60 0.78 1.57
0.60 1.24 1.57
0.60 1.69 1.57
0.60 2.15 1.57
0.60 2.60 1.57
1.00 2.60 0.00
1.00 2.60 -1.57
1.00 2.15 -1.57
1.00 1.69 -1.57
1.00 1.24 -1.57
1.00 0.78 -1.57
1.00 0.33 -1.57
1.00 -0.13 -1.57
1.00 -0.58 -1.57
1.00 -1.04 -1.57
1.00 -1.49 -1.57
1.00 -1.95 -1.57
1.00 -2.40 -1.57
1.40 -2.40 0.00
1.40 -2.40 1.57
1.40 -1.95 1.57
1.40 -1.49 1.57
1.40 -1.04 1.57
1.40 -0.58 1.57
1.40 -0.13 1.57
1.40 0.33 1.57
1.40 0.78 1.57
1.40 1.24 1.57
1.40 1.69 1.57
1.40 2.15 1.57
1.40 2.60 1.57
1.80 2.60 0.00
1.80 2.60 -1.57
1.80 2.15 -1.57
1.80 1.69 -1.57
1.80 1.24 -1.57
1.80 0.78 -1.57
1.80 0.33 -1.57
1.80 -0.13 -1.57
1.80 -0.58 -1.57
1.80 -1.04 -1.57
1.80 -1.49 -1.57
1.80 -1.95 -1.57
1.80 -2.40 -1.57
2.20 -2.40 0.00
2.20 -2.40 1.57
2.20 -1.95 1.57
2.20 -1.49 1.57
2.20 -1.04 1.57
2.20 -0.58 1.57
2.20 -0.13 1.57
2.20 0.33 1.57
2.20 0.78 1.57
2.20 1.24 1.57
2.20 1.69 1.57
2.20 2.15 1.57
2.20 2.60 1.57
2.60 2.60 0.00
2.60 2.60 -1.57
2.60 2.15 -1.57
2.60 1.69 -1.57
2.60 1.24 -1.57
2.60 0.78 -1.57
2.60 0.33 -1.57
2.60 -0.13 -1.57
2.60 -0.58 -1.57
2.60 -1.04 -1.57
2.60 -1.49 -1.57
2.60 -1.95 -1.57
2.60 -2.40 -1.57
3.00 -2.40 0.00
3.00 -2.40 1.57
3.00 -1.95 1.57
3.00 -1.49 1.57
3.00 -1.04 1.57
3.00 -0.58 1.57
3.00 -0.13 1.57
3.00 0.33 1.57
3.00 0.78 1.57
3.00 1.24 1.57
3.00 1.69 1.57
3.00 2.15 1.57
3.00 2.60 1.57
3.40 2.60 0.00
3.40 2.60 -1.57
3.40 2.15 -1.57
3.40 1.69 -1.57
3.40 1.24 -1.57
3.40 0.78 -1.57
3.40 0.33 -1.57
3.40 -0.13 -1.57
3.40 -0.58 -1.57
3.40 -1.04 -1.57
3.40 -1.49 -1.57
3.40 -1.95 -1.57
3.40 -2.40 -1.57
3.80 -2.40 0.00
3.80 -2.40 1.57
3.80 -1.95 1.57
3.80 -1.49 1.57
3.80 -1.04 1.57
3.80 -0.58 1.57
3.80 -0.13 1.57
3.80 0.33 1.57
3.80 0.78 1.57
3.80 1.24 1.57
3.80 1.69 1.57
3.80 2.15 1.57
3.80 2.60 1.57
4.20 2.60 0.00
4.20 2.60 -1.57
4.20 2.15 -1.57
4.20 1.69 -1.57
4.20 1.24 -1.57
4.20 0.78 -1.57
4.20 0.33 -1.57
4.20 -0.13 -1.57
4.20 -0.58 -1.57
4.20 -1.04 -1.57
4.20 -1.49 -1.57
4.20 -1.95 -1.57
4.20 -2.40 -1.57
4.60 -2.40 0.00
4.60 -2.40 1.57
4.60 -1.95 1.57
4.60 -1.49 1.57
4.60 -1.04 1.57
4.60 -0.58 1.57
4.60 -0.13 1.57
4.60 0.33 1.57
4.60 0.78 1.57
4.60 1.24 1.57
4.60 1.69 1.57
4.60 2.15 1.57
4.60 2.60 1.57
5.00 2.60 0.00
5.00 2.60 -1.57
5.00 2.15 -1.57
5.00 1.69 -1.57
5.00 1.24 -1.57
5.00 0.78 -1.57
5.00 0.33 -1.57
5.00 -0.13 -1.57
5.00 -0.58 -1.57
5.00 -1.04 -1.57
5.00 -1.49 -1.57
5.00 -1.95 -1.57
5.00 -2.40 -1.57
5.40 -2.40 0.00
5.40 -2.40 1.57
5.40 -1.95 1.57
5.40 -1.49 1.57
5.40 -1.04 1.57
5.40 -0.58 1.57
5.40 -0.13 1.57
5.40 0.33 1.57
5.40 0.78 1.57
5.40 1.24 1.57
5.40 1.69 1.57
5.40 2.15 1.57
5.40 2.60 1.57
5.80 2.60 0.00
5.80 2.60 -1.57
5.80 2.15 -1.57
5.80 1.69 -1.57
5.80 1.24 -1.57
5.80 0.78 -1.57
5.80 0.33 -1.57
5.80 -0.13 -1.57
5.80 -0.58 -1.57
5.80 -1.04 -1.57
5.80 -1.49 -1.57
5.80 -1.95 -1.57
5.80 -2.40 -1.57
6.20 -2.40 0.00
6.20 -2.40 1.57
6.20 -1.95 1.57
6.20 -1.49 1.57
6.20 -1.04 1.57
6.20 -0.58 1.57
6.20 -0.13 1.57
6.20 0.33 1.57
6.20 0.78 1.57
6.20 1.24 1.57
6.20 1.69 1.57
6.20 2.15 1.57
6.20 2.60 1.57
6.60 2.60 0.00
6.60 2.60 -1.57
6.60 2.15 -1.57
6.60 1.69 -1.57
6.60 1.24 -1.57
6.60 0.78 -1.57
6.60 0.33 -1.57
6.60 -0.13 -1.57
6.60 -0.58 -1.57
6.60 -1.04 -1.57
6.60 -1.49 -1.57
6.60 -1.95 -1.57
6.60 -2.40 -1.57
7.00 -2.40 0.00
7.00 -2.40 1.57
7.00 -1.95 1.57
7.00 -1.49 1.57
7.00 -1.04 1.57
7.00 -0.58 1.57
7.00 -0.13 1.57
7.00 0.33 1.57
7.00 0.78 1.57
7.00 1.24 1.57
7.00 1.69 1.57
7.00 2.15 1.57
7.00 2.60 1.57
7.40 2.60 0.00
7.40 2.60 -1.57
7.40 2.15 -1.57
7.40 1.69 -1.57
7.40 1.24 -1.57
7.40 0.78 -1.57
7.40 0.33 -1.57
7.40 -0.13 -1.57
7.40 -0.58 -1.57
7.40 -1.04 -1.57
7.40 -1.49 -1.57
7.40 -1.95 -1.57
7.40 -2.40 -1.57
7.80 -2.40 0.00
